order=(3,1,16)
MSE: 3.497978784275158
MAE: 1.2715604336617645