order=(3,1,16)
MSE: 8.01532353744561
MAE: 1.7625031972799619
