order=(3,1,11)
MSE: 3.624690155498797
MAE: 1.3336512254409871