order=(3,1,11)
MSE: 7.910328195153361
MAE: 1.3014934073081779
