Order(20,1,14)
MSE: 0.010138639840784298
MAE: 0.07355723966414769
