Order(3,1,16)
MSE :  72.77926376565935 
MAE : 6.2333462875539