Order(3,1,16)
MSE: 108.52633573055572
MAE: 6.258382461359456
